0001-image20056.jpg 53.0 43.0 125.0 48.0 0.0 0.0 0.0 0.0
0002-image04733.jpg 45.0 51.0 125.0 48.0 0.0 0.0 0.0 0.0
0003-image07098.jpg 53.0 47.0 125.0 48.0 0.0 0.0 0.0 0.0
0004-image64929.jpg 53.0 41.0 99.0 47.0 0.0 0.0 0.0 0.0
0005-image15367.jpg 46.0 52.0 123.0 55.0 0.0 0.0 0.0 0.0
0006-image21655.jpg 53.0 39.0 125.0 48.0 0.0 0.0 0.0 0.0
0007-image60542.jpg -1.0 -1.0 -1.0 -1.0 0.0 0.0 0.0 0.0
0008-image20752.jpg 42.0 45.0 125.0 48.0 0.0 0.0 0.0 0.0
0009-image00550.jpg 47.0 31.0 114.0 40.0 0.0 0.0 0.0 0.0
0010-image00597.jpg -1.0 -1.0 45.0 50.0 0.0 0.0 0.0 0.0
0011-image21235.jpg 37.0 43.0 119.0 52.0 0.0 0.0 0.0 0.0
0012-image22095.jpg -1.0 -1.0 52.0 46.0 0.0 0.0 0.0 0.0
0013-image02340.jpg -1.0 -1.0 45.0 53.0 0.0 0.0 0.0 0.0
0014-image01402.jpg 53.0 43.0 106.0 43.0 0.0 0.0 0.0 0.0
0015-image09619.jpg -1.0 -1.0 53.0 47.0 0.0 0.0 0.0 0.0
0016-image55673.jpg 53.0 47.0 110.0 37.0 0.0 0.0 0.0 0.0
0017-image27176.jpg 53.0 41.0 121.0 50.0 0.0 0.0 0.0 0.0
0018-image09694.jpg 53.0 47.0 104.0 36.0 0.0 0.0 0.0 0.0
0019-image03958.jpg 51.0 38.0 125.0 48.0 0.0 0.0 0.0 0.0
0020-image32413.jpg 53.0 47.0 108.0 60.0 0.0 0.0 0.0 0.0
0021-image22826.jpg 39.0 58.0 125.0 48.0 0.0 0.0 0.0 0.0
0022-image30054.jpg -1.0 -1.0 112.0 42.0 0.0 0.0 0.0 0.0
0023-image25562.jpg 50.0 47.0 116.0 34.0 0.0 0.0 0.0 0.0
0024-image05703.jpg 47.0 42.0 125.0 48.0 0.0 0.0 0.0 0.0
0025-image60583.jpg 29.0 32.0 125.0 48.0 0.0 0.0 0.0 0.0
0026-image41552.jpg 53.0 46.0 120.0 37.0 0.0 0.0 0.0 0.0
0027-image37580.jpg 53.0 40.0 124.0 45.0 0.0 0.0 0.0 0.0
0028-image20790.jpg -1.0 -1.0 -1.0 -1.0 0.0 0.0 0.0 0.0
0029-image28420.jpg 48.0 43.0 123.0 55.0 0.0 0.0 0.0 0.0
0030-image06011.jpg 48.0 54.0 125.0 48.0 0.0 0.0 0.0 0.0
0031-image22667.jpg -1.0 -1.0 -1.0 -1.0 0.0 0.0 0.0 0.0
0032-image21831.jpg 51.0 36.0 123.0 49.0 0.0 0.0 0.0 0.0
0033-image64270.jpg 51.0 51.0 118.0 58.0 0.0 0.0 0.0 0.0
0034-image01210.jpg -1.0 -1.0 47.0 49.0 0.0 0.0 0.0 0.0
0035-image03265.jpg 53.0 46.0 122.0 53.0 0.0 0.0 0.0 0.0
0036-image60849.jpg 53.0 47.0 101.0 46.0 0.0 0.0 0.0 0.0
0037-image19521.jpg 49.0 49.0 125.0 48.0 0.0 0.0 0.0 0.0
0038-image20450.jpg 49.0 53.0 112.0 38.0 0.0 0.0 0.0 0.0
0039-image24733.jpg 53.0 47.0 125.0 48.0 0.0 0.0 0.0 0.0
0040-image03014.jpg -1.0 -1.0 53.0 45.0 0.0 0.0 0.0 0.0
0041-image00042.jpg 52.0 37.0 119.0 59.0 0.0 0.0 0.0 0.0
0042-image23163.jpg -1.0 -1.0 -1.0 -1.0 0.0 0.0 0.0 0.0
0043-image18626.jpg 53.0 42.0 104.0 34.0 0.0 0.0 0.0 0.0
0044-image21935.jpg 42.0 35.0 125.0 48.0 0.0 0.0 0.0 0.0
0045-image17814.jpg -1.0 -1.0 42.0 57.0 0.0 0.0 0.0 0.0
0046-image40504.jpg 53.0 47.0 125.0 48.0 0.0 0.0 0.0 0.0
0047-image01249.jpg 52.0 46.0 124.0 44.0 0.0 0.0 0.0 0.0
0048-image66434.jpg -1.0 -1.0 34.0 29.0 0.0 0.0 0.0 0.0
0049-image05262.jpg 53.0 40.0 115.0 35.0 0.0 0.0 0.0 0.0
0050-image64128.jpg 51.0 51.0 107.0 61.0 0.0 0.0 0.0 0.0
0051-image65464.jpg 53.0 46.0 119.0 48.0 0.0 0.0 0.0 0.0
0052-image35929.jpg 53.0 42.0 125.0 48.0 0.0 0.0 0.0 0.0
0053-image31821.jpg 53.0 47.0 114.0 47.0 0.0 0.0 0.0 0.0
0054-image21746.jpg 53.0 46.0 125.0 48.0 0.0 0.0 0.0 0.0
0055-image44252.jpg 53.0 47.0 125.0 48.0 0.0 0.0 0.0 0.0
0056-image60680.jpg 52.0 49.0 122.0 40.0 0.0 0.0 0.0 0.0
0057-image19433.jpg -1.0 -1.0 53.0 43.0 0.0 0.0 0.0 0.0
0058-image03037.jpg 53.0 45.0 100.0 38.0 0.0 0.0 0.0 0.0
0059-image14235.jpg 53.0 40.0 121.0 42.0 0.0 0.0 0.0 0.0
0060-image57844.jpg 51.0 51.0 114.0 35.0 0.0 0.0 0.0 0.0
0061-image00207.jpg 42.0 52.0 125.0 48.0 0.0 0.0 0.0 0.0
0062-image00061.jpg 53.0 45.0 109.0 46.0 0.0 0.0 0.0 0.0
0063-image14650.jpg 49.0 53.0 111.0 34.0 0.0 0.0 0.0 0.0
0064-image11010.jpg 42.0 54.0 124.0 44.0 0.0 0.0 0.0 0.0
0065-image26524.jpg 53.0 45.0 110.0 46.0 0.0 0.0 0.0 0.0
0066-image22795.jpg -1.0 -1.0 118.0 60.0 0.0 0.0 0.0 0.0
0067-image18970.jpg -1.0 -1.0 112.0 51.0 0.0 0.0 0.0 0.0
0068-image49011.jpg 52.0 37.0 110.0 40.0 0.0 0.0 0.0 0.0
0069-image21161.jpg 50.0 46.0 125.0 48.0 0.0 0.0 0.0 0.0
0070-image70493.jpg 53.0 46.0 125.0 48.0 0.0 0.0 0.0 0.0
0071-image14346.jpg 53.0 46.0 124.0 44.0 0.0 0.0 0.0 0.0
0072-image67228.jpg 51.0 51.0 124.0 46.0 0.0 0.0 0.0 0.0
0073-image64282.jpg 52.0 49.0 123.0 42.0 0.0 0.0 0.0 0.0
0074-image59808.jpg -1.0 -1.0 53.0 47.0 0.0 0.0 0.0 0.0
0075-image60569.jpg 53.0 45.0 122.0 39.0 0.0 0.0 0.0 0.0
0076-image09496.jpg 49.0 53.0 125.0 48.0 0.0 0.0 0.0 0.0
0077-image35834.jpg 46.0 44.0 125.0 48.0 0.0 0.0 0.0 0.0
0078-image20202.jpg 51.0 51.0 125.0 48.0 0.0 0.0 0.0 0.0
0079-image23579.jpg 53.0 47.0 125.0 48.0 0.0 0.0 0.0 0.0
0080-image26806.jpg 53.0 43.0 100.0 51.0 0.0 0.0 0.0 0.0
0081-image20865.jpg -1.0 -1.0 -1.0 -1.0 0.0 0.0 0.0 0.0
0082-image19621.jpg 49.0 40.0 102.0 46.0 0.0 0.0 0.0 0.0
0083-image20992.jpg 52.0 37.0 110.0 34.0 0.0 0.0 0.0 0.0
0084-image60575.jpg 53.0 39.0 120.0 39.0 0.0 0.0 0.0 0.0
0085-image30173.jpg 53.0 39.0 125.0 48.0 0.0 0.0 0.0 0.0
0086-image65715.jpg 53.0 43.0 116.0 46.0 0.0 0.0 0.0 0.0
0087-image44748.jpg 52.0 49.0 125.0 48.0 0.0 0.0 0.0 0.0
0088-image17797.jpg 53.0 45.0 122.0 40.0 0.0 0.0 0.0 0.0
0089-image25177.jpg 53.0 44.0 125.0 47.0 0.0 0.0 0.0 0.0
0090-image55016.jpg 53.0 41.0 125.0 48.0 0.0 0.0 0.0 0.0
0091-image51144.jpg -1.0 -1.0 125.0 48.0 0.0 0.0 0.0 0.0
0092-image13742.jpg -1.0 -1.0 118.0 49.0 0.0 0.0 0.0 0.0
0093-image41315.jpg 53.0 46.0 125.0 48.0 0.0 0.0 0.0 0.0
0094-image60792.jpg -1.0 -1.0 46.0 54.0 0.0 0.0 0.0 0.0
0095-image20384.jpg 53.0 44.0 125.0 48.0 0.0 0.0 0.0 0.0
0096-image22318.jpg 52.0 37.0 125.0 48.0 0.0 0.0 0.0 0.0
0097-image12275.jpg 52.0 38.0 96.0 44.0 0.0 0.0 0.0 0.0
0098-image65824.jpg -1.0 -1.0 39.0 57.0 0.0 0.0 0.0 0.0
0099-image66684.jpg 50.0 52.0 125.0 48.0 0.0 0.0 0.0 0.0
0100-image68104.jpg 53.0 40.0 114.0 43.0 0.0 0.0 0.0 0.0
0101-image52482.jpg 53.0 39.0 105.0 45.0 0.0 0.0 0.0 0.0
0102-image22996.jpg -1.0 -1.0 124.0 42.0 0.0 0.0 0.0 0.0
0103-image35528.jpg 53.0 47.0 110.0 37.0 0.0 0.0 0.0 0.0
0104-image20279.jpg 50.0 42.0 124.0 47.0 0.0 0.0 0.0 0.0
0105-image00083.jpg 51.0 41.0 124.0 52.0 0.0 0.0 0.0 0.0
0106-image34069.jpg 53.0 47.0 118.0 56.0 0.0 0.0 0.0 0.0
0107-image19593.jpg 44.0 30.0 125.0 48.0 0.0 0.0 0.0 0.0
0108-image67926.jpg 53.0 47.0 116.0 57.0 0.0 0.0 0.0 0.0
0109-image67150.jpg -1.0 -1.0 51.0 51.0 0.0 0.0 0.0 0.0
0110-image49832.jpg 53.0 47.0 125.0 48.0 0.0 0.0 0.0 0.0
0111-image29874.jpg -1.0 -1.0 53.0 42.0 0.0 0.0 0.0 0.0
0112-image41575.jpg -1.0 -1.0 117.0 48.0 0.0 0.0 0.0 0.0
0113-image51207.jpg -1.0 -1.0 -1.0 -1.0 0.0 0.0 0.0 0.0
0114-image43607.jpg -1.0 -1.0 28.0 36.0 0.0 0.0 0.0 0.0
0115-image02195.jpg 53.0 44.0 125.0 48.0 0.0 0.0 0.0 0.0
0116-image22848.jpg 53.0 43.0 114.0 61.0 0.0 0.0 0.0 0.0
0117-image60784.jpg -1.0 -1.0 44.0 42.0 0.0 0.0 0.0 0.0
0118-image11955.jpg 53.0 46.0 104.0 36.0 0.0 0.0 0.0 0.0
0119-image18917.jpg 47.0 31.0 125.0 48.0 0.0 0.0 0.0 0.0
0120-image12402.jpg 53.0 47.0 116.0 57.0 0.0 0.0 0.0 0.0
0121-image24028.jpg -1.0 -1.0 53.0 45.0 0.0 0.0 0.0 0.0
0122-image22620.jpg -1.0 -1.0 52.0 49.0 0.0 0.0 0.0 0.0
0123-image42866.jpg 52.0 42.0 125.0 48.0 0.0 0.0 0.0 0.0
0124-image07099.jpg 53.0 42.0 121.0 57.0 0.0 0.0 0.0 0.0
0125-image68116.jpg 49.0 47.0 123.0 42.0 0.0 0.0 0.0 0.0
0126-image65215.jpg -1.0 -1.0 44.0 51.0 0.0 0.0 0.0 0.0
0127-image67217.jpg 25.0 38.0 102.0 45.0 0.0 0.0 0.0 0.0
0128-image22604.jpg -1.0 -1.0 37.0 57.0 0.0 0.0 0.0 0.0
0129-image39266.jpg 46.0 30.0 115.0 38.0 0.0 0.0 0.0 0.0
0130-image06799.jpg 49.0 43.0 116.0 54.0 0.0 0.0 0.0 0.0
0131-image28849.jpg 53.0 47.0 125.0 48.0 0.0 0.0 0.0 0.0
0132-image31201.jpg -1.0 -1.0 116.0 41.0 0.0 0.0 0.0 0.0
0133-image21981.jpg 53.0 39.0 125.0 48.0 0.0 0.0 0.0 0.0
0134-image21507.jpg -1.0 -1.0 125.0 48.0 0.0 0.0 0.0 0.0
0135-image60616.jpg -1.0 -1.0 118.0 48.0 0.0 0.0 0.0 0.0
0136-image43677.jpg -1.0 -1.0 51.0 35.0 0.0 0.0 0.0 0.0
0137-image01503.jpg 53.0 47.0 125.0 48.0 0.0 0.0 0.0 0.0
0138-image35921.jpg -1.0 -1.0 101.0 48.0 0.0 0.0 0.0 0.0
0139-image34735.jpg -1.0 -1.0 125.0 48.0 0.0 0.0 0.0 0.0
0140-image08188.jpg 46.0 39.0 125.0 47.0 0.0 0.0 0.0 0.0
0141-image39079.jpg 50.0 43.0 113.0 38.0 0.0 0.0 0.0 0.0
0142-image05367.jpg 53.0 47.0 119.0 36.0 0.0 0.0 0.0 0.0
0143-image10788.jpg 39.0 58.0 125.0 48.0 0.0 0.0 0.0 0.0
0144-image20810.jpg 52.0 38.0 125.0 48.0 0.0 0.0 0.0 0.0
0145-image12516.jpg -1.0 -1.0 48.0 33.0 0.0 0.0 0.0 0.0
0146-image70109.jpg -1.0 -1.0 -1.0 -1.0 0.0 0.0 0.0 0.0
0147-image00607.jpg -1.0 -1.0 52.0 37.0 0.0 0.0 0.0 0.0
0148-image26572.jpg -1.0 -1.0 121.0 38.0 0.0 0.0 0.0 0.0
0149-image60088.jpg -1.0 -1.0 53.0 44.0 0.0 0.0 0.0 0.0
0150-image22363.jpg -1.0 -1.0 -1.0 -1.0 0.0 0.0 0.0 0.0
0151-image14462.jpg 38.0 53.0 125.0 48.0 0.0 0.0 0.0 0.0
0152-image69367.jpg 52.0 37.0 106.0 47.0 0.0 0.0 0.0 0.0
0153-image13201.jpg 53.0 47.0 114.0 46.0 0.0 0.0 0.0 0.0
0154-image10000.jpg 51.0 37.0 125.0 48.0 0.0 0.0 0.0 0.0
0155-image18597.jpg 53.0 46.0 125.0 48.0 0.0 0.0 0.0 0.0
0156-image64209.jpg -1.0 -1.0 103.0 56.0 0.0 0.0 0.0 0.0
0157-image09009.jpg 37.0 30.0 125.0 48.0 0.0 0.0 0.0 0.0
0158-image35961.jpg 52.0 49.0 108.0 35.0 0.0 0.0 0.0 0.0
0159-image13424.jpg 26.0 45.0 125.0 48.0 0.0 0.0 0.0 0.0
0160-image22546.jpg 50.0 34.0 125.0 48.0 0.0 0.0 0.0 0.0
0161-image56731.jpg 53.0 47.0 125.0 48.0 0.0 0.0 0.0 0.0
0162-image13371.jpg 53.0 39.0 98.0 52.0 0.0 0.0 0.0 0.0
0163-image22866.jpg 53.0 47.0 124.0 43.0 0.0 0.0 0.0 0.0
0164-image21468.jpg 53.0 47.0 111.0 45.0 0.0 0.0 0.0 0.0
0165-image60424.jpg -1.0 -1.0 103.0 42.0 0.0 0.0 0.0 0.0
0166-image00527.jpg 53.0 40.0 124.0 44.0 0.0 0.0 0.0 0.0
0167-image09246.jpg 46.0 38.0 122.0 41.0 0.0 0.0 0.0 0.0
0168-image02840.jpg 37.0 57.0 125.0 48.0 0.0 0.0 0.0 0.0
0169-image07678.jpg 53.0 45.0 108.0 62.0 0.0 0.0 0.0 0.0
0170-image09597.jpg 53.0 47.0 124.0 52.0 0.0 0.0 0.0 0.0
0171-image56602.jpg 53.0 47.0 125.0 48.0 0.0 0.0 0.0 0.0
0172-image21787.jpg 53.0 47.0 125.0 48.0 0.0 0.0 0.0 0.0
0173-image13265.jpg 53.0 47.0 110.0 44.0 0.0 0.0 0.0 0.0
0174-image29262.jpg 53.0 45.0 125.0 48.0 0.0 0.0 0.0 0.0
0175-image00613.jpg -1.0 -1.0 28.0 52.0 0.0 0.0 0.0 0.0
0176-image00136.jpg 53.0 47.0 114.0 33.0 0.0 0.0 0.0 0.0
0177-image71131.jpg -1.0 -1.0 101.0 51.0 0.0 0.0 0.0 0.0
0178-image19695.jpg 50.0 45.0 102.0 40.0 0.0 0.0 0.0 0.0
0179-image09719.jpg 53.0 47.0 112.0 54.0 0.0 0.0 0.0 0.0
0180-image22466.jpg 53.0 42.0 125.0 48.0 0.0 0.0 0.0 0.0
0181-image22651.jpg 53.0 47.0 122.0 47.0 0.0 0.0 0.0 0.0
0182-image33234.jpg 53.0 42.0 101.0 59.0 0.0 0.0 0.0 0.0
0183-image25221.jpg 53.0 47.0 124.0 44.0 0.0 0.0 0.0 0.0
0184-image12729.jpg 53.0 42.0 117.0 60.0 0.0 0.0 0.0 0.0
0185-image20897.jpg -1.0 -1.0 26.0 48.0 0.0 0.0 0.0 0.0
0186-image44485.jpg -1.0 -1.0 53.0 47.0 0.0 0.0 0.0 0.0
0187-image51004.jpg 50.0 52.0 125.0 48.0 0.0 0.0 0.0 0.0
0188-image04283.jpg 35.0 29.0 125.0 48.0 0.0 0.0 0.0 0.0
0189-image21125.jpg 52.0 49.0 125.0 47.0 0.0 0.0 0.0 0.0
0190-image13076.jpg 53.0 42.0 110.0 40.0 0.0 0.0 0.0 0.0
0191-image00690.jpg 31.0 47.0 125.0 48.0 0.0 0.0 0.0 0.0
0192-image21076.jpg 39.0 51.0 117.0 56.0 0.0 0.0 0.0 0.0
0193-image19732.jpg 53.0 45.0 125.0 48.0 0.0 0.0 0.0 0.0
0194-image67335.jpg -1.0 -1.0 124.0 52.0 0.0 0.0 0.0 0.0
0196-image22668.jpg 53.0 46.0 125.0 48.0 0.0 0.0 0.0 0.0
0197-image21913.jpg 34.0 57.0 125.0 48.0 0.0 0.0 0.0 0.0
0198-image26631.jpg 48.0 49.0 96.0 49.0 0.0 0.0 0.0 0.0
0199-image22959.jpg -1.0 -1.0 42.0 55.0 0.0 0.0 0.0 0.0
0200-image53940.jpg 49.0 33.0 115.0 40.0 0.0 0.0 0.0 0.0
0201-image14682.jpg -1.0 -1.0 35.0 57.0 0.0 0.0 0.0 0.0
0202-image19798.jpg 48.0 49.0 123.0 41.0 0.0 0.0 0.0 0.0
0203-image07835.jpg 53.0 46.0 125.0 48.0 0.0 0.0 0.0 0.0
0204-image40026.jpg 53.0 47.0 111.0 47.0 0.0 0.0 0.0 0.0
0205-image00447.jpg 52.0 37.0 123.0 44.0 0.0 0.0 0.0 0.0
0206-image07854.jpg 53.0 41.0 125.0 48.0 0.0 0.0 0.0 0.0
0207-image33112.jpg 46.0 30.0 125.0 48.0 0.0 0.0 0.0 0.0
0208-image13886.jpg 53.0 46.0 109.0 52.0 0.0 0.0 0.0 0.0
0209-image21662.jpg 50.0 52.0 124.0 46.0 0.0 0.0 0.0 0.0
0210-image20511.jpg 53.0 47.0 125.0 48.0 0.0 0.0 0.0 0.0
0211-image29018.jpg 53.0 47.0 114.0 51.0 0.0 0.0 0.0 0.0
0212-image18231.jpg 42.0 46.0 125.0 48.0 0.0 0.0 0.0 0.0
0213-image18419.jpg -1.0 -1.0 49.0 49.0 0.0 0.0 0.0 0.0
0214-image05129.jpg 51.0 51.0 112.0 42.0 0.0 0.0 0.0 0.0
0215-image60772.jpg -1.0 -1.0 -1.0 -1.0 0.0 0.0 0.0 0.0
0216-image03984.jpg 52.0 49.0 115.0 41.0 0.0 0.0 0.0 0.0
0217-image50346.jpg 52.0 38.0 123.0 43.0 0.0 0.0 0.0 0.0
0218-image55262.jpg -1.0 -1.0 121.0 42.0 0.0 0.0 0.0 0.0
0219-image54183.jpg 53.0 43.0 124.0 52.0 0.0 0.0 0.0 0.0
0220-image66490.jpg -1.0 -1.0 -1.0 -1.0 0.0 0.0 0.0 0.0
0221-image55384.jpg 53.0 39.0 107.0 57.0 0.0 0.0 0.0 0.0
0222-image17695.jpg 53.0 47.0 114.0 36.0 0.0 0.0 0.0 0.0
0223-image08358.jpg 53.0 43.0 125.0 48.0 0.0 0.0 0.0 0.0
0224-image28790.jpg 53.0 47.0 123.0 55.0 0.0 0.0 0.0 0.0
0225-image27450.jpg 53.0 45.0 111.0 43.0 0.0 0.0 0.0 0.0
0226-image30694.jpg -1.0 -1.0 -1.0 -1.0 0.0 0.0 0.0 0.0
0227-image07752.jpg 51.0 41.0 104.0 45.0 0.0 0.0 0.0 0.0
0228-image52911.jpg 52.0 49.0 124.0 44.0 0.0 0.0 0.0 0.0
0229-image19837.jpg 53.0 47.0 125.0 48.0 0.0 0.0 0.0 0.0
0230-image07089.jpg 52.0 41.0 125.0 48.0 0.0 0.0 0.0 0.0
0231-image66568.jpg 53.0 43.0 125.0 48.0 0.0 0.0 0.0 0.0
0232-image20310.jpg 53.0 39.0 116.0 35.0 0.0 0.0 0.0 0.0
0233-image07054.jpg 53.0 47.0 124.0 46.0 0.0 0.0 0.0 0.0
0234-image03823.jpg 43.0 31.0 120.0 58.0 0.0 0.0 0.0 0.0
0235-image12940.jpg 53.0 47.0 100.0 57.0 0.0 0.0 0.0 0.0
0236-image60696.jpg -1.0 -1.0 -1.0 -1.0 0.0 0.0 0.0 0.0
0237-image11763.jpg 53.0 47.0 125.0 48.0 0.0 0.0 0.0 0.0
0238-image17867.jpg 51.0 49.0 115.0 51.0 0.0 0.0 0.0 0.0
0239-image13897.jpg 50.0 52.0 124.0 52.0 0.0 0.0 0.0 0.0
0240-image22570.jpg 53.0 47.0 124.0 46.0 0.0 0.0 0.0 0.0
0241-image08835.jpg -1.0 -1.0 -1.0 -1.0 0.0 0.0 0.0 0.0
0242-image55877.jpg 53.0 45.0 116.0 54.0 0.0 0.0 0.0 0.0
0243-image12789.jpg 53.0 45.0 124.0 42.0 0.0 0.0 0.0 0.0
0244-image07087.jpg 52.0 49.0 125.0 48.0 0.0 0.0 0.0 0.0
0245-image60918.jpg -1.0 -1.0 -1.0 -1.0 0.0 0.0 0.0 0.0
0246-image00745.jpg 45.0 37.0 116.0 45.0 0.0 0.0 0.0 0.0
0247-image09223.jpg -1.0 -1.0 51.0 51.0 0.0 0.0 0.0 0.0
0248-image66395.jpg -1.0 -1.0 115.0 59.0 0.0 0.0 0.0 0.0
0249-image27612.jpg 51.0 51.0 125.0 48.0 0.0 0.0 0.0 0.0
0250-image67289.jpg 49.0 51.0 123.0 52.0 0.0 0.0 0.0 0.0
0251-image20302.jpg 37.0 29.0 110.0 33.0 0.0 0.0 0.0 0.0
0252-image08333.jpg 51.0 38.0 125.0 48.0 0.0 0.0 0.0 0.0
0253-image14015.jpg -1.0 -1.0 49.0 53.0 0.0 0.0 0.0 0.0
0254-image23390.jpg 53.0 46.0 124.0 45.0 0.0 0.0 0.0 0.0
0255-image19908.jpg -1.0 -1.0 45.0 42.0 0.0 0.0 0.0 0.0
0256-image19988.jpg 53.0 41.0 125.0 48.0 0.0 0.0 0.0 0.0
0257-image14013.jpg -1.0 -1.0 25.0 49.0 0.0 0.0 0.0 0.0
0258-image23949.jpg 53.0 47.0 111.0 61.0 0.0 0.0 0.0 0.0
0259-image66620.jpg 53.0 47.0 123.0 41.0 0.0 0.0 0.0 0.0
0260-image03963.jpg -1.0 -1.0 124.0 42.0 0.0 0.0 0.0 0.0
0261-image22916.jpg 28.0 50.0 124.0 42.0 0.0 0.0 0.0 0.0
0262-image19637.jpg 53.0 47.0 125.0 48.0 0.0 0.0 0.0 0.0
0263-image14551.jpg -1.0 -1.0 51.0 36.0 0.0 0.0 0.0 0.0
0264-image52200.jpg 51.0 51.0 102.0 35.0 0.0 0.0 0.0 0.0
0265-image66540.jpg 53.0 44.0 114.0 61.0 0.0 0.0 0.0 0.0
0266-image17604.jpg 50.0 43.0 123.0 55.0 0.0 0.0 0.0 0.0
0267-image23093.jpg 53.0 46.0 114.0 44.0 0.0 0.0 0.0 0.0
0268-image01483.jpg 41.0 50.0 125.0 48.0 0.0 0.0 0.0 0.0
0269-image33068.jpg -1.0 -1.0 43.0 57.0 0.0 0.0 0.0 0.0
0270-image67081.jpg -1.0 -1.0 -1.0 -1.0 0.0 0.0 0.0 0.0
0271-image67232.jpg -1.0 -1.0 53.0 44.0 0.0 0.0 0.0 0.0
0272-image70442.jpg 53.0 47.0 125.0 48.0 0.0 0.0 0.0 0.0
0273-image19358.jpg 38.0 33.0 125.0 48.0 0.0 0.0 0.0 0.0
0274-image25568.jpg 53.0 43.0 125.0 48.0 0.0 0.0 0.0 0.0
0275-image17840.jpg 53.0 42.0 125.0 48.0 0.0 0.0 0.0 0.0
0276-image01302.jpg -1.0 -1.0 125.0 48.0 0.0 0.0 0.0 0.0
0277-image23145.jpg -1.0 -1.0 51.0 46.0 0.0 0.0 0.0 0.0
0278-image13448.jpg -1.0 -1.0 118.0 46.0 0.0 0.0 0.0 0.0
0279-image66324.jpg 50.0 35.0 125.0 48.0 0.0 0.0 0.0 0.0
0280-image13914.jpg 53.0 47.0 125.0 48.0 0.0 0.0 0.0 0.0
0281-image68932.jpg -1.0 -1.0 125.0 48.0 0.0 0.0 0.0 0.0
0282-image13240.jpg 53.0 46.0 125.0 48.0 0.0 0.0 0.0 0.0
0283-image06810.jpg 50.0 34.0 124.0 52.0 0.0 0.0 0.0 0.0
0284-image08919.jpg 53.0 43.0 110.0 40.0 0.0 0.0 0.0 0.0
0285-image38459.jpg -1.0 -1